0 0.16875 0.48125 0.12109375 0.47708333333333336 0.12578125 0.38645833333333335 0.1734375 0.38958333333333334 
0 0.2984375 0.4864583333333333 0.303125 0.3927083333333333 0.3421875 0.4010416666666667 0.33984375 0.490625 
0 0.05703125 0.365625 0.04296875 0.3625 0.0453125 0.3229166666666667 0.059375 0.32708333333333334 
0 0.4015625 0.325 0.3796875 0.321875 0.38125 0.271875 0.4046875 0.2760416666666667 
0 0.59296875 0.496875 0.5546875 0.496875 0.5546875 0.4125 0.59296875 0.41041666666666665 
0 0.77578125 0.503125 0.7359375 0.503125 0.73515625 0.41458333333333336 0.775 0.41458333333333336 
0 0.6640625 0.33958333333333335 0.65546875 0.3416666666666667 0.65625 0.29583333333333334 0.66484375 0.2947916666666667 
0 0.00078125 0.875 0.00078125 0.8583333333333333 0.0734375 0.8614583333333333 0.0734375 0.8802083333333334 
0 0.2609375 0.8885416666666667 0.2609375 0.86875 0.36796875 0.871875 0.3671875 0.8927083333333333 
0 0.59765625 0.8979166666666667 0.59765625 0.8802083333333334 0.703125 0.8833333333333333 0.70234375 0.9041666666666667 
