0 0.2203125 0.25 0.215625 0.228125 0.30234375 0.21354166666666666 0.3046875 0.234375 
0 0.22734375 0.2864583333333333 0.2234375 0.26875 0.30546875 0.25416666666666665 0.309375 0.26979166666666665 
0 0.58203125 0.08333333333333333 0.60859375 0.051041666666666666 0.64921875 0.14791666666666667 0.625 0.17916666666666667 
0 0.60625 0.36875 0.62421875 0.3385416666666667 0.66328125 0.3958333333333333 0.64609375 0.425 
0 0.29453125 0.5260416666666666 0.29140625 0.509375 0.3609375 0.48854166666666665 0.3625 0.5052083333333334 
0 0.29765625 0.553125 0.29609375 0.5395833333333333 0.3640625 0.5166666666666667 0.365625 0.53125 
0 0.52578125 0.6677083333333333 0.54296875 0.6333333333333333 0.603125 0.6708333333333333 0.5875 0.7010416666666667 
0 0.2125 0.7739583333333333 0.209375 0.759375 0.2765625 0.7447916666666666 0.27890625 0.759375 
0 0.2171875 0.796875 0.215625 0.7854166666666667 0.28125 0.7708333333333334 0.28359375 0.7822916666666667 
1 0.53359375 0.7427083333333333 0.52734375 0.6395833333333333 0.61796875 0.6197916666666666 0.61953125 0.7208333333333333 
1 0.59375 0.46875 0.5921875 0.353125 0.66796875 0.32916666666666666 0.6671875 0.4395833333333333 
1 0.59296875 0.24479166666666666 0.5890625 0.09479166666666666 0.6859375 0.078125 0.68359375 0.225 
