0 0.5104166666666666 0.67109375 0.5 0.67734375 0.47708333333333336 0.68515625 0.4739583333333333 0.67578125 0.46458333333333335 0.66171875 0.4666666666666667 0.65390625 0.4666666666666667 0.6390625 0.4635416666666667 0.61640625 0.475 0.615625 0.48020833333333335 0.609375 0.49166666666666664 0.60546875 0.49583333333333335 0.62265625 0.5041666666666667 0.6421875 0.5072916666666667 0.6578125 
0 0.7166666666666667 0.3609375 0.7197916666666667 0.35 0.8541666666666666 0.35390625 0.8489583333333334 0.36484375 
0 0.40520833333333334 0.353125 0.4041666666666667 0.34375 0.459375 0.3453125 0.46041666666666664 0.35390625 
0 0.0 0.34140625 0.0010416666666666667 0.3328125 0.07604166666666666 0.3328125 0.08229166666666667 0.3421875 
1 0.659375 0.890625 0.659375 0.87890625 0.6729166666666667 0.8796875 0.6729166666666667 0.890625 
1 0.6677083333333333 0.96015625 0.6645833333333333 0.9484375 0.678125 0.946875 0.6822916666666666 0.959375 
1 0.6666666666666666 0.828125 0.665625 0.8171875 0.6791666666666667 0.81796875 0.678125 0.82890625 
1 0.66875 0.76953125 0.6677083333333333 0.75859375 0.68125 0.75859375 0.6833333333333333 0.7703125 
1 0.765625 0.88359375 0.7708333333333334 0.8703125 0.7864583333333334 0.87421875 0.78125 0.88671875 
1 0.7802083333333333 0.95859375 0.7822916666666667 0.94453125 0.7989583333333333 0.9484375 0.7958333333333333 0.9625 
1 0.8864583333333333 0.9796875 0.8854166666666666 0.9671875 0.9 0.96796875 0.9010416666666666 0.97890625 
1 0.8989583333333333 0.91328125 0.8958333333333334 0.90078125 0.9125 0.90234375 0.9135416666666667 0.91484375 
1 0.8791666666666667 0.8484375 0.878125 0.8359375 0.8916666666666667 0.8375 0.8916666666666667 0.85078125 
1 0.8614583333333333 0.78125 0.8604166666666667 0.77109375 0.8760416666666667 0.77265625 0.8739583333333333 0.78203125 
1 0.9583333333333334 0.7890625 0.9604166666666667 0.778125 0.9729166666666667 0.7796875 0.9739583333333334 0.790625 
1 0.978125 0.84609375 0.9770833333333333 0.83203125 0.9916666666666667 0.8328125 0.9947916666666666 0.84375 
1 0.23229166666666667 0.92109375 0.2375 0.90546875 0.2552083333333333 0.909375 0.24791666666666667 0.92421875 
1 0.153125 0.90859375 0.15104166666666666 0.89453125 0.16875 0.890625 0.16979166666666667 0.90546875 
1 0.07916666666666666 0.92109375 0.075 0.90625 0.09375 0.90234375 0.09583333333333334 0.91640625 
1 0.25833333333333336 0.86484375 0.2520833333333333 0.85234375 0.2677083333333333 0.8453125 0.27291666666666664 0.86015625 
1 0.2916666666666667 0.77109375 0.290625 0.75859375 0.30520833333333336 0.7546875 0.30833333333333335 0.765625 
1 0.184375 0.85 0.19166666666666668 0.83515625 0.20520833333333333 0.8390625 0.19895833333333332 0.853125 
1 0.2 0.78984375 0.20625 0.7765625 0.221875 0.7796875 0.21458333333333332 0.79296875 
1 0.22083333333333333 0.74140625 0.22083333333333333 0.73203125 0.23645833333333333 0.73203125 0.23541666666666666 0.73984375 
1 0.13854166666666667 0.7953125 0.134375 0.7828125 0.15104166666666666 0.77890625 0.15520833333333334 0.79140625 
1 0.11770833333333333 0.85078125 0.11666666666666667 0.83828125 0.13229166666666667 0.83359375 0.134375 0.84609375 
1 0.028125 0.90078125 0.015625 0.89453125 0.023958333333333335 0.88984375 0.03125 0.88203125 0.03958333333333333 0.8875 
1 0.7697916666666667 0.70234375 0.7677083333333333 0.69140625 0.7916666666666666 0.6890625 0.7916666666666666 0.70234375 
0 0.7041666666666667 0.546875 0.678125 0.54375 0.6875 0.51640625 0.7145833333333333 0.5203125 
0 0.8125 0.55234375 0.7895833333333333 0.54453125 0.8041666666666667 0.51875 0.828125 0.52578125 
1 0.6875 0.51484375 0.6927083333333334 0.5046875 0.715625 0.50859375 0.7114583333333333 0.5203125 
1 0.8052083333333333 0.51796875 0.809375 0.5125 0.8333333333333334 0.51640625 0.8270833333333333 0.528125 
