1 0.38125 0.28671875 0.3770833333333333 0.2390625 0.446875 0.23671875 0.44895833333333335 0.28203125 
1 0.4822916666666667 0.278125 0.484375 0.23125 0.55 0.228125 0.5479166666666667 0.27265625 
1 0.5822916666666667 0.2703125 0.5864583333333333 0.22421875 0.6520833333333333 0.2203125 0.6447916666666667 0.26640625 
1 0.6791666666666667 0.259375 0.690625 0.21484375 0.7552083333333334 0.2109375 0.7395833333333334 0.25625 
1 0.6427083333333333 0.3984375 0.65 0.365625 0.7010416666666667 0.35859375 0.6927083333333334 0.38984375 
1 0.6125 0.4046875 0.6197916666666666 0.371875 0.5677083333333334 0.3796875 0.5614583333333333 0.41328125 
1 0.534375 0.41640625 0.5375 0.38515625 0.48020833333333335 0.39296875 0.48125 0.4265625 
1 0.45208333333333334 0.43203125 0.4510416666666667 0.39765625 0.3927083333333333 0.40625 0.396875 0.440625 
1 0.3770833333333333 0.5453125 0.371875 0.5203125 0.4239583333333333 0.51796875 0.42604166666666665 0.54375 
1 0.45416666666666666 0.5171875 0.5052083333333334 0.51484375 0.5041666666666667 0.54140625 0.45416666666666666 0.54375 
1 0.5322916666666667 0.51328125 0.5854166666666667 0.51171875 0.5802083333333333 0.5375 0.5302083333333333 0.5390625 
1 0.6125 0.51015625 0.665625 0.50859375 0.659375 0.53359375 0.6083333333333333 0.53515625 
