0 0.5 0.603125 0.5114583333333333 0.634375 0.51875 0.67578125 0.475 0.69140625 0.4625 0.66328125 0.465625 0.64921875 0.459375 0.61484375 0.47708333333333336 0.6109375 0.4895833333333333 0.60234375 
0 0.08125 0.34296875 0.075 0.334375 0.0010416666666666667 0.334375 0.0010416666666666667 0.34140625 
0 0.4625 0.35390625 0.4625 0.34453125 0.403125 0.34296875 0.40729166666666666 0.346875 0.4083333333333333 0.34921875 0.40520833333333334 0.3515625 
0 0.8520833333333333 0.36484375 0.85625 0.3546875 0.715625 0.3515625 0.7145833333333333 0.359375 
0 0.6864583333333333 0.51484375 0.7125 0.51875 0.70625 0.54453125 0.68125 0.5421875 
0 0.8041666666666667 0.51953125 0.8302083333333333 0.52578125 0.8166666666666667 0.5515625 0.7895833333333333 0.54453125 
1 0.8385416666666666 0.51640625 0.8302083333333333 0.52578125 0.80625 0.51953125 0.8083333333333333 0.51328125 
1 0.7135416666666666 0.509375 0.7114583333333333 0.51875 0.6875 0.51484375 0.6895833333333333 0.50703125 
1 0.7875 0.690625 0.7927083333333333 0.7015625 0.7697916666666667 0.70234375 0.7677083333333333 0.69296875 
1 0.5614583333333333 0.6984375 0.5791666666666667 0.696875 0.584375 0.703125 0.56875 0.70625 
1 0.6697916666666667 0.76796875 0.68125 0.76875 0.6802083333333333 0.759375 0.6697916666666667 0.7578125 
1 0.665625 0.81640625 0.6791666666666667 0.81796875 0.6802083333333333 0.82890625 0.665625 0.828125 
1 0.6552083333333333 0.87890625 0.6708333333333333 0.8796875 0.6729166666666667 0.890625 0.6572916666666667 0.890625 
1 0.76875 0.8703125 0.784375 0.87421875 0.7822916666666667 0.8859375 0.765625 0.88203125 
1 0.6614583333333334 0.94609375 0.6791666666666667 0.94453125 0.6833333333333333 0.95859375 0.665625 0.959375 
1 0.784375 0.94453125 0.8020833333333334 0.9484375 0.7979166666666667 0.96171875 0.7802083333333333 0.95859375 
1 0.8833333333333333 0.9796875 0.8854166666666666 0.965625 0.9020833333333333 0.9671875 0.903125 0.98203125 
1 0.8979166666666667 0.9140625 0.896875 0.9015625 0.9125 0.903125 0.9135416666666667 0.915625 
1 0.878125 0.84609375 0.878125 0.8359375 0.8916666666666667 0.83828125 0.8916666666666667 0.84921875 
1 0.859375 0.77109375 0.875 0.77109375 0.875 0.78359375 0.859375 0.78125 
1 0.9583333333333334 0.77890625 0.971875 0.78046875 0.9729166666666667 0.78984375 0.9604166666666667 0.7890625 
1 0.9791666666666666 0.83359375 0.9927083333333333 0.83515625 0.9947916666666666 0.84453125 0.98125 0.84453125 
1 0.24895833333333334 0.92265625 0.25416666666666665 0.909375 0.23854166666666668 0.9078125 0.23333333333333334 0.92109375 
1 0.259375 0.86484375 0.27395833333333336 0.859375 0.265625 0.84765625 0.2520833333333333 0.85390625 
1 0.29270833333333335 0.7703125 0.309375 0.7671875 0.30625 0.75546875 0.28958333333333336 0.75859375 
1 0.22083333333333333 0.73984375 0.23854166666666668 0.73828125 0.234375 0.7328125 0.21979166666666666 0.73515625 
1 0.2 0.78984375 0.21770833333333334 0.7921875 0.22083333333333333 0.77890625 0.20520833333333333 0.778125 
1 0.184375 0.84921875 0.190625 0.8359375 0.20520833333333333 0.8390625 0.2 0.853125 
1 0.15416666666666667 0.909375 0.15104166666666666 0.8953125 0.16875 0.89140625 0.171875 0.90546875 
1 0.07916666666666666 0.9203125 0.096875 0.9171875 0.09166666666666666 0.90390625 0.075 0.9078125 
1 0.030208333333333334 0.9 0.040625 0.88828125 0.03229166666666667 0.88203125 0.026041666666666668 0.8890625 0.015625 0.89609375 
1 0.11666666666666667 0.85078125 0.13645833333333332 0.84765625 0.13333333333333333 0.8328125 0.11458333333333333 0.8375 
1 0.1375 0.796875 0.15520833333333334 0.79140625 0.14895833333333333 0.77890625 0.13333333333333333 0.784375 
