0 0.296875 0.23125 0.2875 0.20390625 0.415625 0.1890625 0.42604166666666665 0.2140625 
0 0.2875 0.203125 0.278125 0.16953125 0.4041666666666667 0.15859375 0.41458333333333336 0.1890625 
0 0.3885416666666667 0.40703125 0.38125 0.38359375 0.4822916666666667 0.3640625 0.4895833333333333 0.3859375 
0 0.39166666666666666 0.4296875 0.384375 0.40703125 0.4947916666666667 0.3859375 0.5020833333333333 0.4078125 
0 0.2833333333333333 0.60703125 0.278125 0.5890625 0.38645833333333335 0.57578125 0.390625 0.59296875 
0 0.278125 0.58984375 0.271875 0.56796875 0.37083333333333335 0.55625 0.37604166666666666 0.5765625 
0 0.7 0.5 0.73125 0.46484375 0.815625 0.49375 0.7875 0.52734375 
1 0.7104166666666667 0.55859375 0.8302083333333333 0.54296875 0.8260416666666667 0.4625 0.7614583333333333 0.471875 0.8177083333333334 0.49296875 0.7885416666666667 0.528125 0.70625 0.503125 
1 0.7895833333333333 0.3515625 0.890625 0.3296875 0.8895833333333333 0.29609375 0.8614583333333333 0.321875 0.8010416666666667 0.2765625 0.815625 0.26171875 0.7885416666666667 0.265625 
1 0.8385416666666666 0.2421875 0.803125 0.27734375 0.8583333333333333 0.3203125 0.89375 0.2875 
1 0.7895833333333333 0.18515625 0.9135416666666667 0.16796875 0.915625 0.05703125 0.8583333333333333 0.06328125 0.8864583333333333 0.1046875 0.8354166666666667 0.13828125 0.7885416666666667 0.084375 
0 0.771875 0.059375 0.8322916666666667 0.13671875 0.88125 0.1046875 0.8239583333333333 0.025 
