0 0.07916666666666666 0.275 0.08125 0.259375 0.08229166666666667 0.24609375 0.06145833333333333 0.24375 0.058333333333333334 0.27109375 
0 0.23541666666666666 0.36796875 0.1625 0.36328125 0.16770833333333332 0.2890625 0.2375 0.29453125 0.240625 0.30078125 
0 0.4583333333333333 0.37578125 0.4 0.37109375 0.40208333333333335 0.31171875 0.4 0.29375 0.4625 0.3 0.46458333333333335 0.30703125 
0 0.540625 0.24921875 0.5072916666666667 0.2453125 0.5083333333333333 0.209375 0.5072916666666667 0.20390625 0.5416666666666666 0.2078125 0.5427083333333333 0.21171875 
0 0.8 0.37890625 0.7385416666666667 0.37734375 0.740625 0.31484375 0.7395833333333334 0.30859375 0.7979166666666667 0.30703125 0.8020833333333334 0.31171875 
0 1.0416666666666667 0.3828125 0.9822916666666667 0.38203125 0.9791666666666666 0.32109375 0.9791666666666666 0.31171875 1.0385416666666667 0.31328125 1.0416666666666667 0.31796875 
0 0.8875 0.25703125 0.875 0.25859375 0.8760416666666667 0.22578125 0.8760416666666667 0.22109375 0.8875 0.21875 0.8875 0.221875 
0 0.9375 0.678125 0.9385416666666667 0.6625 0.7927083333333333 0.659375 0.79375 0.6734375 
0 0.490625 0.66796875 0.490625 0.65390625 0.3458333333333333 0.65234375 0.3458333333333333 0.665625 
0 0.09583333333333334 0.659375 0.096875 0.646875 0.0010416666666666667 0.64375 0.0010416666666666667 0.65703125 
